class: csc421-231
project: proj5
student: cxr956 
date:

grade: _/_
late: 1 days

passes basic test (#):		3/3
passes extended test(%):	2/2
lateness:		(0)/(4)

(#)
- passes basic test
  
(%)
- passes extended test, code checked

commit:
r594 | cxr956 | 2022-12-08 17:21:46 -0500 (Thu, 08 Dec 2022) | 1 line


comments:


cc -c skeleton-key-util.c 
skeleton-key-util.c:183:63: warning: expression result unused [-Wunused-value]
        for(int i=root_dir[file_location].starting_cluster; i<FAT_N; i){
                                                                     ^
skeleton-key-util.c:354:1: warning: non-void function does not return a value [-Wreturn-type]
}
^
2 warnings generated.


*** test one
cat test1.run | ./skeleton-key > test.out 
cat test1.run | ./skeleton-key  >> grade.txt
  0    2 a
  2    4 c
  4    6 e

0000: 61 00 00 00 00 00 00 00 00 00 00 00 00 00 00 00 
0016: 62 62 00 00 00 00 00 00 00 00 00 00 00 00 00 00 
0032: 63 63 63 00 00 00 00 00 00 00 00 00 00 00 00 00 
0048: 64 64 64 64 00 00 00 00 00 00 00 00 00 00 00 00 
0064: 65 65 65 65 65 00 00 00 00 00 00 00 00 00 00 00 
0080: 00 00 00 00 00 00 00 00 00 00 00 00 00 00 00 00 
0096: 00 00 00 00 00 00 00 00 00 00 00 00 00 00 00 00 
0112: 00 00 00 00 00 00 00 00 00 00 00 00 00 00 00 00 
0128: 00 00 00 00 00 00 00 00 00 00 00 00 00 00 00 00 
0144: 00 00 00 00 00 00 00 00 00 00 00 00 00 00 00 00 
0160: 00 00 00 00 00 00 00 00 00 00 00 00 00 00 00 00 
0176: 00 00 00 00 00 00 00 00 00 00 00 00 00 00 00 00 
0192: 00 00 00 00 00 00 00 00 00 00 00 00 00 00 00 00 
0208: 00 00 00 00 00 00 00 00 00 00 00 00 00 00 00 00 
0224: 00 00 00 00 00 00 00 00 00 00 00 00 00 00 00 00 
0240: 00 00 00 00 00 00 00 00 00 00 00 00 00 00 00 00 

0000: 61 00 00 00 00 00 00 00 00 00 00 00 00 00 00 00 
0016: 00 62 00 00 00 00 00 00 00 00 00 00 00 00 00 00 
0032: 63 63 63 00 00 00 00 00 00 00 00 00 00 00 00 00 
0048: 00 64 64 64 00 00 00 00 00 00 00 00 00 00 00 00 
0064: 65 65 65 65 65 00 00 00 00 00 00 00 00 00 00 00 
0080: 00 00 00 00 00 00 00 00 00 00 00 00 00 00 00 00 
0096: 00 00 00 00 00 00 00 00 00 00 00 00 00 00 00 00 
0112: 00 00 00 00 00 00 00 00 00 00 00 00 00 00 00 00 
0128: 00 00 00 00 00 00 00 00 00 00 00 00 00 00 00 00 
0144: 00 00 00 00 00 00 00 00 00 00 00 00 00 00 00 00 
0160: 00 00 00 00 00 00 00 00 00 00 00 00 00 00 00 00 
0176: 00 00 00 00 00 00 00 00 00 00 00 00 00 00 00 00 
0192: 00 00 00 00 00 00 00 00 00 00 00 00 00 00 00 00 
0208: 00 00 00 00 00 00 00 00 00 00 00 00 00 00 00 00 
0224: 00 00 00 00 00 00 00 00 00 00 00 00 00 00 00 00 
0240: 00 00 00 00 00 00 00 00 00 00 00 00 00 00 00 00 
first: 5 6 7 
  0    2 a
  1    0 b
  2    4 c
  3    0 d
  4    6 e
  5   37 first

0000: 61 00 00 00 00 00 00 00 00 00 00 00 00 00 00 00 
0016: 00 62 00 00 00 00 00 00 00 00 00 00 00 00 00 00 
0032: 63 63 63 00 00 00 00 00 00 00 00 00 00 00 00 00 
0048: 00 64 64 64 00 00 00 00 00 00 00 00 00 00 00 00 
0064: 65 65 65 65 65 00 00 00 00 00 00 00 00 00 00 00 
0080: 61 62 63 64 65 66 67 68 69 6a 6b 6c 6d 6e 6f 70 
0096: 71 72 73 74 75 76 77 78 7a 79 30 31 32 33 34 35 
0112: 36 37 38 39 00 00 00 00 00 00 00 00 00 00 00 00 
0128: 00 00 00 00 00 00 00 00 00 00 00 00 00 00 00 00 
0144: 00 00 00 00 00 00 00 00 00 00 00 00 00 00 00 00 
0160: 00 00 00 00 00 00 00 00 00 00 00 00 00 00 00 00 
0176: 00 00 00 00 00 00 00 00 00 00 00 00 00 00 00 00 
0192: 00 00 00 00 00 00 00 00 00 00 00 00 00 00 00 00 
0208: 00 00 00 00 00 00 00 00 00 00 00 00 00 00 00 00 
0224: 00 00 00 00 00 00 00 00 00 00 00 00 00 00 00 00 
0240: 00 00 00 00 00 00 00 00 00 00 00 00 00 00 00 00 
second: 1 3 8 

0000: 61 00 00 00 00 00 00 00 00 00 00 00 00 00 00 00 
0016: 41 42 43 44 45 46 47 48 49 4a 4b 4c 4d 4f 4e 50 
0032: 63 63 63 00 00 00 00 00 00 00 00 00 00 00 00 00 
0048: 51 52 53 54 55 56 57 58 59 5a 30 31 32 33 34 35 
0064: 65 65 65 65 65 00 00 00 00 00 00 00 00 00 00 00 
0080: 61 62 63 64 65 66 67 68 69 6a 6b 6c 6d 6e 6f 70 
0096: 71 72 73 74 75 76 77 78 7a 79 30 31 32 33 34 35 
0112: 36 37 38 39 00 00 00 00 00 00 00 00 00 00 00 00 
0128: 36 37 38 39 00 00 00 00 00 00 00 00 00 00 00 00 
0144: 00 00 00 00 00 00 00 00 00 00 00 00 00 00 00 00 
0160: 00 00 00 00 00 00 00 00 00 00 00 00 00 00 00 00 
0176: 00 00 00 00 00 00 00 00 00 00 00 00 00 00 00 00 
0192: 00 00 00 00 00 00 00 00 00 00 00 00 00 00 00 00 
0208: 00 00 00 00 00 00 00 00 00 00 00 00 00 00 00 00 
0224: 00 00 00 00 00 00 00 00 00 00 00 00 00 00 00 00 
0240: 00 00 00 00 00 00 00 00 00 00 00 00 00 00 00 00 
a: a
c: ccc
first: abcdefghijklmnopqrstuvwxzy0123456789
second: ABCDEFGHIJKLMONPQRSTUVWXYZ0123456789
  0    2 a
  1   37 second
  2    4 c
  4    6 e
  5   37 first
diff test1.ref test.out >> grade.txt

*** test two
cat test2.run | ./skeleton-key > test.out 
cat test2.run | ./skeleton-key  >> grade.txt
a: 0123456789abcdef
b: 
diff test2.ref test.out >> grade.txt

*** done
